x	y	||y-Y||
0,00000E+0        1,00000E+0        0,00000E+0
0,00000E+0        0,00000E+0        0,00000E+0
0,00000E+0        0,00000E+0        0,00000E+0
-----------------------------------
1,00000E-1        1,00000E+0        1,38778E-17
1,00000E-1        1,00000E-1        1,38778E-17
1,00000E-1        1,00000E-2        1,38778E-17
-----------------------------------
2,00000E-1        1,00000E+0        2,86098E-17
2,00000E-1        2,00000E-1        2,86098E-17
2,00000E-1        4,00000E-2        2,86098E-17
-----------------------------------
3,00000E-1        1,00000E+0        6,20634E-17
3,00000E-1        3,00000E-1        6,20634E-17
3,00000E-1        9,00000E-2        6,20634E-17
-----------------------------------
4,00000E-1        1,00000E+0        7,85046E-17
4,00000E-1        4,00000E-1        7,85046E-17
4,00000E-1        1,60000E-1        7,85046E-17
-----------------------------------
5,00000E-1        1,00000E+0        6,20634E-17
5,00000E-1        5,00000E-1        6,20634E-17
5,00000E-1        2,50000E-1        6,20634E-17
-----------------------------------
6,00000E-1        1,00000E+0        1,57009E-16
6,00000E-1        6,00000E-1        1,57009E-16
6,00000E-1        3,60000E-1        1,57009E-16
-----------------------------------
7,00000E-1        1,00000E+0        1,57009E-16
7,00000E-1        7,00000E-1        1,57009E-16
7,00000E-1        4,90000E-1        1,57009E-16
-----------------------------------
8,00000E-1        1,00000E+0        1,57009E-16
8,00000E-1        8,00000E-1        1,57009E-16
8,00000E-1        6,40000E-1        1,57009E-16
-----------------------------------
9,00000E-1        1,00000E+0        1,11022E-16
9,00000E-1        9,00000E-1        1,11022E-16
9,00000E-1        8,10000E-1        1,11022E-16
-----------------------------------
1,00000E+0        1,00000E+0        1,11022E-16
1,00000E+0        1,00000E+0        1,11022E-16
1,00000E+0        1,00000E+0        1,11022E-16
-----------------------------------
