x	y	||y-Y||
1,00000E-1        1,00000E+0        5,05594E-2
1,00000E-1        5,00000E-2        5,05594E-2
1,00000E-1        2,50000E-3        5,05594E-2
-----------------------------------
2,00000E-1        9,97500E-1        1,04493E-1
2,00000E-1        9,99375E-2        1,04493E-1
2,00000E-1        1,00000E-2        1,04493E-1
-----------------------------------
3,00000E-1        9,92494E-1        1,64949E-1
3,00000E-1        1,49687E-1        1,64949E-1
3,00000E-1        2,24875E-2        1,64949E-1
-----------------------------------
4,00000E-1        9,84969E-1        2,34504E-1
4,00000E-1        1,99124E-1        2,34504E-1
4,00000E-1        3,99375E-2        2,34504E-1
-----------------------------------
5,00000E-1        9,74906E-1        3,15118E-1
5,00000E-1        2,48122E-1        3,15118E-1
5,00000E-1        6,23123E-2        3,15118E-1
-----------------------------------
6,00000E-1        9,62281E-1        4,08216E-1
6,00000E-1        2,96552E-1        4,08216E-1
6,00000E-1        8,95617E-2        4,08216E-1
-----------------------------------
7,00000E-1        9,47061E-1        5,14817E-1
7,00000E-1        3,44287E-1        5,14817E-1
7,00000E-1        1,21623E-1        5,14817E-1
-----------------------------------
8,00000E-1        9,29209E-1        6,35652E-1
8,00000E-1        3,91195E-1        6,35652E-1
8,00000E-1        1,58419E-1        6,35652E-1
-----------------------------------
9,00000E-1        9,08681E-1        7,71261E-1
9,00000E-1        4,37145E-1        7,71261E-1
9,00000E-1        1,99862E-1        7,71261E-1
-----------------------------------
1,00000E+0        8,85424E-1        9,22061E-1
1,00000E+0        4,82000E-1        9,22061E-1
1,00000E+0        2,45848E-1        9,22061E-1
-----------------------------------
1,10000E+0        8,59381E-1        1,08839E+0
1,10000E+0        5,25624E-1        1,08839E+0
1,10000E+0        2,96261E-1        1,08839E+0
-----------------------------------
